Got input.Nmin = 100
Got input.Nmax = 100
Def input.dN = 20
Got input.xmin = 10
Got input.xmax = 10
Def input.dx = 50
Got input.NE = 1
Got input.mg = 10
Got input.gauss = 1
Got input.N = 100
Got input.NE = 1
Got input.x = 10
Got input.mg = 10
Got input.gauss = 1

    vN Entropy at center bond b=100 = 0.035811077806
    Eigs at center bond b=100: 0.9942 0.0058 
    Largest link dim during sweep 1/12 was 5
    Largest truncation error: 4.81677e-13
    Energy after sweep 1/12 is -76.283996257718
    Sweep 1/12 CPU time = 0.342s (Wall time = 0.343s)

    vN Entropy at center bond b=100 = 0.035827939315
    Eigs at center bond b=100: 0.9942 0.0058 
    Largest link dim during sweep 2/12 was 4
    Largest truncation error: 7.42088e-11
    Energy after sweep 2/12 is -76.283996180740
    Sweep 2/12 CPU time = 0.468s (Wall time = 0.468s)
    Energy error dE = 7.698E-08 after 2 sweeps;
    Energy error goal met (dE = 7.698E-08 < 1.000E-06); returning after 2 sweeps.
E(N,x) N x NE mu = -0.038141998090 100 10.000000000000 1 63.245553203368

Shmidt coefficients:
0.076377455269
0.997078877701
0.000034068597
0.000441371157
Observables
 site# Gi var-Gi Ei var-Ei ni var-ni
2 0.000000000000 0.000000000000 -0.000000000000 0.000000000000 0.005936203686 0.005900965172
4 0.000000000000 0.000000000000 0.005936203686 0.005900965172 0.011767529576 0.011629054823
6 -0.000000000000 0.000000000000 -0.005831325890 0.005797722564 0.011664687588 0.011528622652
8 -0.000000000000 0.000000000000 0.005833361699 0.005799722987 0.011666681758 0.011530570295
10 0.000000000000 0.000000000000 -0.005833320059 0.005799682074 0.011666640956 0.011530530445
12 0.000000000000 0.000000000000 0.005833320897 0.005799682897 0.011666641776 0.011530531246
14 -0.000000000000 0.000000000000 -0.005833320879 0.005799682879 0.011666641758 0.011530531228
16 -0.000000000000 0.000000000000 0.005833320879 0.005799682877 0.011666641757 0.011530531227
18 -0.000000000000 0.000000000000 -0.005833320878 0.005799682876 0.011666641755 0.011530531225
20 -0.000000000000 0.000000000000 0.005833320877 0.005799682874 0.011666641754 0.011530531224
22 0.000000000000 0.000000000000 -0.005833320876 0.005799682873 0.011666641752 0.011530531222
24 -0.000000000000 0.000000000000 0.005833320876 0.005799682871 0.011666641751 0.011530531221
26 -0.000000000000 0.000000000000 -0.005833320875 0.005799682870 0.011666641749 0.011530531219
28 -0.000000000000 0.000000000000 0.005833320874 0.005799682868 0.011666641748 0.011530531218
30 0.000000000000 0.000000000000 -0.005833320873 0.005799682867 0.011666641746 0.011530531216
32 -0.000000000000 0.000000000000 0.005833320873 0.005799682865 0.011666641744 0.011530531215
34 0.000000000000 0.000000000000 -0.005833320872 0.005799682863 0.011666641743 0.011530531213
36 0.000000000000 0.000000000000 0.005833320871 0.005799682862 0.011666641741 0.011530531212
38 0.000000000000 0.000000000000 -0.005833320870 0.005799682860 0.011666641740 0.011530531210
40 -0.000000000000 0.000000000000 0.005833320869 0.005799682859 0.011666641738 0.011530531209
42 -0.000000000000 0.000000000000 -0.005833320869 0.005799682857 0.011666641737 0.011530531207
44 -0.000000000000 0.000000000000 0.005833320868 0.005799682856 0.011666641735 0.011530531206
46 0.000000000000 0.000000000000 -0.005833320867 0.005799682854 0.011666641734 0.011530531204
48 -0.000000000000 0.000000000000 0.005833320866 0.005799682853 0.011666641732 0.011530531203
50 0.000000000000 0.000000000000 -0.005833320866 0.005799682851 0.011666641730 0.011530531201
52 0.000000000000 0.000000000000 0.005833320865 0.005799682850 0.011666641729 0.011530531200
54 0.000000000000 0.000000000000 -0.005833320864 0.005799682848 0.011666641727 0.011530531198
56 -0.000000000000 0.000000000000 0.005833320863 0.005799682846 0.011666641726 0.011530531197
58 0.000000000000 0.000000000000 -0.005833320863 0.005799682845 0.011666641724 0.011530531195
60 0.000000000000 0.000000000000 0.005833320862 0.005799682843 0.011666641723 0.011530531194
62 0.000000000000 0.000000000000 -0.005833320861 0.005799682842 0.011666641721 0.011530531192
64 0.000000000000 0.000000000000 0.005833320860 0.005799682840 0.011666641720 0.011530531191
66 0.000000000000 0.000000000000 -0.005833320859 0.005799682839 0.011666641718 0.011530531189
68 0.000000000000 0.000000000000 0.005833320859 0.005799682837 0.011666641717 0.011530531188
70 0.000000000000 0.000000000000 -0.005833320858 0.005799682836 0.011666641715 0.011530531186
72 -0.000000000000 0.000000000000 0.005833320857 0.005799682834 0.011666641713 0.011530531185
74 0.000000000000 0.000000000000 -0.005833320856 0.005799682833 0.011666641712 0.011530531183
76 0.000000000000 0.000000000000 0.005833320856 0.005799682831 0.011666641710 0.011530531182
78 0.000000000000 0.000000000000 -0.005833320855 0.005799682829 0.011666641709 0.011530531180
80 0.000000000000 0.000000000000 0.005833320854 0.005799682828 0.011666641707 0.011530531178
82 0.000000000000 0.000000000000 -0.005833320853 0.005799682826 0.011666641706 0.011530531177
84 -0.000000000000 0.000000000000 0.005833320852 0.005799682825 0.011666641704 0.011530531175
86 0.000000000000 0.000000000000 -0.005833320852 0.005799682823 0.011666641703 0.011530531174
88 0.000000000000 0.000000000000 0.005833320851 0.005799682822 0.011666641701 0.011530531172
90 0.000000000000 0.000000000000 -0.005833320850 0.005799682820 0.011666641699 0.011530531171
92 0.000000000000 0.000000000000 0.005833320849 0.005799682819 0.011666641698 0.011530531169
94 0.000000000000 0.000000000000 -0.005833320849 0.005799682817 0.011666641696 0.011530531168
96 0.000000000000 0.000000000000 0.005833320848 0.005799682816 0.011666641695 0.011530531166
98 -0.000000000000 0.000000000000 -0.005833320847 0.005799682814 0.011666641693 0.011530531165
100 0.000000000000 0.000000000000 0.005833320846 0.005799682812 0.011666641692 0.011530531163
102 0.000000000000 0.000000000000 -0.005833320845 0.005799682811 0.011666641690 0.011530531162
104 0.000000000000 0.000000000000 0.005833320845 0.005799682809 0.011666641689 0.011530531160
106 0.000000000000 0.000000000000 -0.005833320844 0.005799682808 0.011666641687 0.011530531159
108 0.000000000000 0.000000000000 0.005833320843 0.005799682806 0.011666641685 0.011530531157
110 0.000000000000 0.000000000000 -0.005833320842 0.005799682805 0.011666641684 0.011530531156
112 0.000000000000 0.000000000000 0.005833320842 0.005799682803 0.011666641682 0.011530531154
114 0.000000000000 0.000000000000 -0.005833320841 0.005799682802 0.011666641681 0.011530531153
116 0.000000000000 0.000000000000 0.005833320840 0.005799682800 0.011666641679 0.011530531151
118 0.000000000000 0.000000000000 -0.005833320839 0.005799682799 0.011666641678 0.011530531150
120 0.000000000000 0.000000000000 0.005833320838 0.005799682797 0.011666641676 0.011530531148
122 -0.000000000000 0.000000000000 -0.005833320838 0.005799682795 0.011666641675 0.011530531147
124 0.000000000000 0.000000000000 0.005833320837 0.005799682794 0.011666641673 0.011530531145
126 -0.000000000000 0.000000000000 -0.005833320836 0.005799682792 0.011666641672 0.011530531144
128 0.000000000000 0.000000000000 0.005833320835 0.005799682791 0.011666641670 0.011530531142
130 0.000000000000 0.000000000000 -0.005833320835 0.005799682789 0.011666641668 0.011530531141
132 0.000000000000 0.000000000000 0.005833320834 0.005799682788 0.011666641667 0.011530531139
134 0.000000000000 0.000000000000 -0.005833320833 0.005799682786 0.011666641665 0.011530531138
136 0.000000000000 0.000000000000 0.005833320832 0.005799682785 0.011666641664 0.011530531136
138 0.000000000000 0.000000000000 -0.005833320832 0.005799682783 0.011666641662 0.011530531135
140 0.000000000000 0.000000000000 0.005833320831 0.005799682782 0.011666641661 0.011530531133
142 0.000000000000 0.000000000000 -0.005833320830 0.005799682780 0.011666641659 0.011530531132
144 0.000000000000 0.000000000000 0.005833320829 0.005799682778 0.011666641658 0.011530531130
146 0.000000000000 0.000000000000 -0.005833320828 0.005799682777 0.011666641656 0.011530531129
148 -0.000000000000 0.000000000000 0.005833320828 0.005799682775 0.011666641654 0.011530531127
150 0.000000000000 0.000000000000 -0.005833320827 0.005799682774 0.011666641653 0.011530531125
152 0.000000000000 0.000000000000 0.005833320826 0.005799682772 0.011666641651 0.011530531124
154 -0.000000000000 0.000000000000 -0.005833320825 0.005799682771 0.011666641650 0.011530531122
156 0.000000000000 0.000000000000 0.005833320825 0.005799682769 0.011666641648 0.011530531121
158 0.000000000000 0.000000000000 -0.005833320824 0.005799682768 0.011666641647 0.011530531119
160 0.000000000000 0.000000000000 0.005833320823 0.005799682766 0.011666641645 0.011530531118
162 -0.000000000000 0.000000000000 -0.005833320822 0.005799682765 0.011666641644 0.011530531116
164 0.000000000000 0.000000000000 0.005833320821 0.005799682763 0.011666641642 0.011530531115
166 0.000000000000 0.000000000000 -0.005833320821 0.005799682761 0.011666641641 0.011530531113
168 0.000000000000 0.000000000000 0.005833320820 0.005799682760 0.011666641639 0.011530531112
170 -0.000000000000 0.000000000000 -0.005833320819 0.005799682758 0.011666641637 0.011530531110
172 0.000000000000 0.000000000000 0.005833320818 0.005799682757 0.011666641636 0.011530531109
174 -0.000000000000 0.000000000000 -0.005833320818 0.005799682755 0.011666641634 0.011530531107
176 0.000000000000 0.000000000000 0.005833320817 0.005799682754 0.011666641633 0.011530531106
178 0.000000000000 0.000000000000 -0.005833320816 0.005799682752 0.011666641631 0.011530531104
180 0.000000000000 0.000000000000 0.005833320815 0.005799682751 0.011666641630 0.011530531103
182 0.000000000000 0.000000000000 -0.005833320814 0.005799682749 0.011666641628 0.011530531101
184 0.000000000000 0.000000000000 0.005833320814 0.005799682748 0.011666641627 0.011530531100
186 0.000000000000 0.000000000000 -0.005833320813 0.005799682746 0.011666641625 0.011530531098
188 0.000000000000 0.000000000000 0.005833320812 0.005799682744 0.011666641623 0.011530531096
190 -0.000000000000 0.000000000000 -0.005833320811 0.005799682743 0.011666641638 0.011530531111
192 0.000000000000 0.000000000000 0.005833320827 0.005799682758 0.011666640814 0.011530530306
194 0.000000000000 0.000000000000 -0.005833319986 0.005799681931 0.011666681691 0.011530570229
196 0.000000000000 0.000000000000 0.005833361704 0.005799722919 0.011664680779 0.011528616002
198 0.000000000000 0.000000000000 -0.005831319075 0.005797715752 0.011767522730 0.011629048139
200 -0.000000000000 0.000000000000 0.005936203655 0.005900965141 0.005936203655 0.005900965141
