0.001773169973
0.000180174256
0.000025512053
0.086567752608
0.012338696291
0.002571487113
0.001426729168
0.000609664896
0.000279979517
0.000114280225
0.000099348733
0.000055906387
0.000039964659
0.576635801464
0.115611608275
0.026667176066
0.017352093308
0.004899687536
0.003887303682
0.002124168181
0.000869707423
0.000773047787
0.000593286752
0.000450897494
0.000171121449
0.000145377296
0.000090407336
0.000082617515
0.000064214887
0.000055461703
0.000034931431
0.754075230629
0.166303981450
0.035092707595
0.027782776560
0.006326706272
0.005242338726
0.003707405085
0.001409425033
0.001019992999
0.000729859915
0.000664869119
0.000377023277
0.000220463774
0.000165887584
0.000116056482
0.000091881672
0.000063831044
0.000049307418
0.000041240148
0.000030195392
0.000022091622
0.213751885042
0.034199991263
0.007833409287
0.004358316707
0.001737478667
0.000969538772
0.000435527419
0.000286796998
0.000196204233
0.000164943227
0.000081368060
0.000035063244
0.000030320407
0.000024527930
0.009377200335
0.001112062016
0.000182138637
0.000096031046
0.000040199008
0.000010621444
0.000043541572
