Got input.Nmin = 300
Got input.Nmax = 300
Def input.dN = 20
Got input.xmin = 10
Got input.xmax = 10
Def input.dx = 50
Got input.NE = 7
Got input.mg = 10
Got input.gauss = 1
Got input.N = 300
Got input.NE = 7
Got input.x = 10
Got input.mg = 10
Got input.gauss = 1

    vN Entropy at center bond b=300 = 0.035516286377
    Eigs at center bond b=300: 0.9942 0.0058 
    Largest link dim during sweep 1/12 was 5
    Largest truncation error: 4.81677e-13
    Energy after sweep 1/12 is -230.374920400467
    Sweep 1/12 CPU time = 1.193s (Wall time = 1.193s)

    vN Entropy at center bond b=300 = 0.035824954560
    Eigs at center bond b=300: 0.9942 0.0058 
    Largest link dim during sweep 2/12 was 4
    Largest truncation error: 7.42088e-11
    Energy after sweep 2/12 is -230.374920161399
    Sweep 2/12 CPU time = 1.681s (Wall time = 1.691s)
    Energy error dE = 2.391E-07 after 2 sweeps;
    Energy error goal met (dE = 2.391E-07 < 1.000E-06); returning after 2 sweeps.
E(N,x) N x NE mu = -0.038395820027 300 10.000000000000 7 63.245553203368

Shmidt coefficients:
0.076377456413
0.997078877584
0.000034073707
0.000441437362
Observables
 site# Gi var-Gi Ei var-Ei ni var-ni
2 -0.000000000000 0.000000000000 -0.000000000000 0.000000000000 0.005936203683 0.005900965169
4 0.000000000000 0.000000000000 0.005936203683 0.005900965169 0.011767543406 0.011629068329
6 -0.000000000000 0.000000000000 -0.005831339724 0.005797736396 0.011664701419 0.011528636160
8 -0.000000000000 0.000000000000 0.005833361696 0.005799723140 0.011666681912 0.011530570446
10 -0.000000000000 0.000000000000 -0.005833320217 0.005799682386 0.011666641269 0.011530530750
12 -0.000000000000 0.000000000000 0.005833321052 0.005799683206 0.011666642086 0.011530531549
14 -0.000000000000 0.000000000000 -0.005833321034 0.005799683188 0.011666642068 0.011530531531
16 -0.000000000000 0.000000000000 0.005833321034 0.005799683186 0.011666642067 0.011530531530
18 -0.000000000000 0.000000000000 -0.005833321033 0.005799683185 0.011666642065 0.011530531528
20 -0.000000000000 0.000000000000 0.005833321032 0.005799683183 0.011666642064 0.011530531527
22 0.000000000000 0.000000000000 -0.005833321031 0.005799683182 0.011666642062 0.011530531525
24 -0.000000000000 0.000000000000 0.005833321031 0.005799683180 0.011666642061 0.011530531524
26 -0.000000000000 0.000000000000 -0.005833321030 0.005799683179 0.011666642059 0.011530531522
28 -0.000000000000 0.000000000000 0.005833321029 0.005799683177 0.011666642058 0.011530531521
30 0.000000000000 0.000000000000 -0.005833321028 0.005799683176 0.011666642056 0.011530531519
32 0.000000000000 0.000000000000 0.005833321028 0.005799683174 0.011666642054 0.011530531518
34 -0.000000000000 0.000000000000 -0.005833321027 0.005799683172 0.011666642053 0.011530531516
36 0.000000000000 0.000000000000 0.005833321026 0.005799683171 0.011666642051 0.011530531515
38 -0.000000000000 0.000000000000 -0.005833321025 0.005799683169 0.011666642050 0.011530531513
40 0.000000000000 0.000000000000 0.005833321025 0.005799683168 0.011666642048 0.011530531512
42 0.000000000000 0.000000000000 -0.005833321024 0.005799683166 0.011666642047 0.011530531510
44 -0.000000000000 0.000000000000 0.005833321023 0.005799683165 0.011666642045 0.011530531509
46 -0.000000000000 0.000000000000 -0.005833321022 0.005799683163 0.011666642044 0.011530531507
48 -0.000000000000 0.000000000000 0.005833321021 0.005799683162 0.011666642042 0.011530531506
50 -0.000000000000 0.000000000000 -0.005833321021 0.005799683160 0.011666642041 0.011530531504
52 -0.000000000000 0.000000000000 0.005833321020 0.005799683159 0.011666642039 0.011530531502
54 -0.000000000000 0.000000000000 -0.005833321019 0.005799683157 0.011666642037 0.011530531501
56 0.000000000000 0.000000000000 0.005833321018 0.005799683155 0.011666642036 0.011530531499
58 -0.000000000000 0.000000000000 -0.005833321018 0.005799683154 0.011666642034 0.011530531498
60 0.000000000000 0.000000000000 0.005833321017 0.005799683152 0.011666642033 0.011530531496
62 0.000000000000 0.000000000000 -0.005833321016 0.005799683151 0.011666642031 0.011530531495
64 -0.000000000000 0.000000000000 0.005833321015 0.005799683149 0.011666642030 0.011530531493
66 0.000000000000 0.000000000000 -0.005833321014 0.005799683148 0.011666642028 0.011530531492
68 -0.000000000000 0.000000000000 0.005833321014 0.005799683146 0.011666642027 0.011530531490
70 -0.000000000000 0.000000000000 -0.005833321013 0.005799683145 0.011666642025 0.011530531489
72 -0.000000000000 0.000000000000 0.005833321012 0.005799683143 0.011666642023 0.011530531487
74 -0.000000000000 0.000000000000 -0.005833321011 0.005799683142 0.011666642022 0.011530531486
76 0.000000000000 0.000000000000 0.005833321011 0.005799683140 0.011666642020 0.011530531484
78 0.000000000000 0.000000000000 -0.005833321010 0.005799683139 0.011666642019 0.011530531483
80 -0.000000000000 0.000000000000 0.005833321009 0.005799683137 0.011666642017 0.011530531481
82 -0.000000000000 0.000000000000 -0.005833321008 0.005799683135 0.011666642016 0.011530531480
84 -0.000000000000 0.000000000000 0.005833321007 0.005799683134 0.011666642014 0.011530531478
86 -0.000000000000 0.000000000000 -0.005833321007 0.005799683132 0.011666642013 0.011530531477
88 -0.000000000000 0.000000000000 0.005833321006 0.005799683131 0.011666642011 0.011530531475
90 0.000000000000 0.000000000000 -0.005833321005 0.005799683129 0.011666642010 0.011530531474
92 -0.000000000000 0.000000000000 0.005833321004 0.005799683128 0.011666642008 0.011530531472
94 0.000000000000 0.000000000000 -0.005833321004 0.005799683126 0.011666642006 0.011530531471
96 -0.000000000000 0.000000000000 0.005833321003 0.005799683125 0.011666642005 0.011530531469
98 0.000000000000 0.000000000000 -0.005833321002 0.005799683123 0.011666642003 0.011530531468
100 0.000000000000 0.000000000000 0.005833321001 0.005799683122 0.011666642002 0.011530531466
102 -0.000000000000 0.000000000000 -0.005833321000 0.005799683120 0.011666642000 0.011530531465
104 -0.000000000000 0.000000000000 0.005833321000 0.005799683118 0.011666641999 0.011530531463
106 -0.000000000000 0.000000000000 -0.005833320999 0.005799683117 0.011666641997 0.011530531462
108 -0.000000000000 0.000000000000 0.005833320998 0.005799683115 0.011666641996 0.011530531460
110 0.000000000000 0.000000000000 -0.005833320997 0.005799683114 0.011666641994 0.011530531459
112 -0.000000000000 0.000000000000 0.005833320997 0.005799683112 0.011666641992 0.011530531457
114 -0.000000000000 0.000000000000 -0.005833320996 0.005799683111 0.011666641991 0.011530531456
116 -0.000000000000 0.000000000000 0.005833320995 0.005799683109 0.011666641989 0.011530531454
118 0.000000000000 0.000000000000 -0.005833320994 0.005799683108 0.011666641988 0.011530531453
120 -0.000000000000 0.000000000000 0.005833320994 0.005799683106 0.011666641986 0.011530531451
122 -0.000000000000 0.000000000000 -0.005833320993 0.005799683105 0.011666641985 0.011530531450
124 -0.000000000000 0.000000000000 0.005833320992 0.005799683103 0.011666641983 0.011530531448
126 -0.000000000000 0.000000000000 -0.005833320991 0.005799683101 0.011666641982 0.011530531446
128 -0.000000000000 0.000000000000 0.005833320990 0.005799683100 0.011666641980 0.011530531445
130 -0.000000000000 0.000000000000 -0.005833320990 0.005799683098 0.011666641979 0.011530531443
132 -0.000000000000 0.000000000000 0.005833320989 0.005799683097 0.011666641977 0.011530531442
134 0.000000000000 0.000000000000 -0.005833320988 0.005799683095 0.011666641975 0.011530531440
136 -0.000000000000 0.000000000000 0.005833320987 0.005799683094 0.011666641974 0.011530531439
138 0.000000000000 0.000000000000 -0.005833320987 0.005799683092 0.011666641972 0.011530531437
140 0.000000000000 0.000000000000 0.005833320986 0.005799683091 0.011666641971 0.011530531436
142 -0.000000000000 0.000000000000 -0.005833320985 0.005799683089 0.011666641969 0.011530531434
144 0.000000000000 0.000000000000 0.005833320984 0.005799683088 0.011666641968 0.011530531433
146 -0.000000000000 0.000000000000 -0.005833320983 0.005799683086 0.011666641966 0.011530531431
148 -0.000000000000 0.000000000000 0.005833320983 0.005799683084 0.011666641965 0.011530531430
150 0.000000000000 0.000000000000 -0.005833320982 0.005799683083 0.011666641963 0.011530531428
152 -0.000000000000 0.000000000000 0.005833320981 0.005799683081 0.011666641961 0.011530531427
154 -0.000000000000 0.000000000000 -0.005833320980 0.005799683080 0.011666641960 0.011530531425
156 -0.000000000000 0.000000000000 0.005833320980 0.005799683078 0.011666641958 0.011530531424
158 0.000000000000 0.000000000000 -0.005833320979 0.005799683077 0.011666641957 0.011530531422
160 -0.000000000000 0.000000000000 0.005833320978 0.005799683075 0.011666641955 0.011530531421
162 -0.000000000000 0.000000000000 -0.005833320977 0.005799683074 0.011666641954 0.011530531419
164 0.000000000000 0.000000000000 0.005833320976 0.005799683072 0.011666641952 0.011530531418
166 -0.000000000000 0.000000000000 -0.005833320976 0.005799683071 0.011666641951 0.011530531416
168 -0.000000000000 0.000000000000 0.005833320975 0.005799683069 0.011666641949 0.011530531415
170 0.000000000000 0.000000000000 -0.005833320974 0.005799683067 0.011666641948 0.011530531413
172 0.000000000000 0.000000000000 0.005833320973 0.005799683066 0.011666641946 0.011530531412
174 0.000000000000 0.000000000000 -0.005833320973 0.005799683064 0.011666641944 0.011530531410
176 0.000000000000 0.000000000000 0.005833320972 0.005799683063 0.011666641943 0.011530531409
178 -0.000000000000 0.000000000000 -0.005833320971 0.005799683061 0.011666641941 0.011530531407
180 0.000000000000 0.000000000000 0.005833320970 0.005799683060 0.011666641940 0.011530531406
182 0.000000000000 0.000000000000 -0.005833320970 0.005799683058 0.011666641938 0.011530531404
184 0.000000000000 0.000000000000 0.005833320969 0.005799683057 0.011666641937 0.011530531403
186 -0.000000000000 0.000000000000 -0.005833320968 0.005799683055 0.011666641935 0.011530531401
188 0.000000000000 0.000000000000 0.005833320967 0.005799683054 0.011666641934 0.011530531400
190 -0.000000000000 0.000000000000 -0.005833320966 0.005799683052 0.011666641932 0.011530531398
192 0.000000000000 0.000000000000 0.005833320966 0.005799683050 0.011666641930 0.011530531397
194 0.000000000000 0.000000000000 -0.005833320965 0.005799683049 0.011666641929 0.011530531395
196 -0.000000000000 0.000000000000 0.005833320964 0.005799683047 0.011666641927 0.011530531394
198 -0.000000000000 0.000000000000 -0.005833320963 0.005799683046 0.011666641926 0.011530531392
200 -0.000000000000 0.000000000000 0.005833320963 0.005799683044 0.011666641924 0.011530531390
202 0.000000000000 0.000000000000 -0.005833320962 0.005799683043 0.011666641923 0.011530531389
204 0.000000000000 0.000000000000 0.005833320961 0.005799683041 0.011666641921 0.011530531387
206 0.000000000000 0.000000000000 -0.005833320960 0.005799683040 0.011666641920 0.011530531386
208 0.000000000000 0.000000000000 0.005833320959 0.005799683038 0.011666641918 0.011530531384
210 0.000000000000 0.000000000000 -0.005833320959 0.005799683037 0.011666641917 0.011530531383
212 0.000000000000 0.000000000000 0.005833320958 0.005799683035 0.011666641915 0.011530531381
214 -0.000000000000 0.000000000000 -0.005833320957 0.005799683033 0.011666641913 0.011530531380
216 0.000000000000 0.000000000000 0.005833320956 0.005799683032 0.011666641912 0.011530531378
218 0.000000000000 0.000000000000 -0.005833320956 0.005799683030 0.011666641910 0.011530531377
220 0.000000000000 0.000000000000 0.005833320955 0.005799683029 0.011666641909 0.011530531375
222 -0.000000000000 0.000000000000 -0.005833320954 0.005799683027 0.011666641907 0.011530531374
224 0.000000000000 0.000000000000 0.005833320953 0.005799683026 0.011666641906 0.011530531372
226 -0.000000000000 0.000000000000 -0.005833320952 0.005799683024 0.011666641904 0.011530531371
228 0.000000000000 0.000000000000 0.005833320952 0.005799683023 0.011666641903 0.011530531369
230 -0.000000000000 0.000000000000 -0.005833320951 0.005799683021 0.011666641901 0.011530531368
232 -0.000000000000 0.000000000000 0.005833320950 0.005799683020 0.011666641899 0.011530531366
234 -0.000000000000 0.000000000000 -0.005833320949 0.005799683018 0.011666641898 0.011530531365
236 0.000000000000 0.000000000000 0.005833320949 0.005799683016 0.011666641896 0.011530531363
238 -0.000000000000 0.000000000000 -0.005833320948 0.005799683015 0.011666641895 0.011530531362
240 -0.000000000000 0.000000000000 0.005833320947 0.005799683013 0.011666641893 0.011530531360
242 -0.000000000000 0.000000000000 -0.005833320946 0.005799683012 0.011666641892 0.011530531359
244 0.000000000000 0.000000000000 0.005833320945 0.005799683010 0.011666641890 0.011530531357
246 0.000000000000 0.000000000000 -0.005833320945 0.005799683009 0.011666641889 0.011530531356
248 -0.000000000000 0.000000000000 0.005833320944 0.005799683007 0.011666641887 0.011530531354
250 -0.000000000000 0.000000000000 -0.005833320943 0.005799683006 0.011666641886 0.011530531353
252 -0.000000000000 0.000000000000 0.005833320942 0.005799683004 0.011666641884 0.011530531351
254 0.000000000000 0.000000000000 -0.005833320942 0.005799683003 0.011666641882 0.011530531350
256 0.000000000000 0.000000000000 0.005833320941 0.005799683001 0.011666641881 0.011530531348
258 -0.000000000000 0.000000000000 -0.005833320940 0.005799682999 0.011666641879 0.011530531347
260 0.000000000000 0.000000000000 0.005833320939 0.005799682998 0.011666641878 0.011530531345
262 -0.000000000000 0.000000000000 -0.005833320939 0.005799682996 0.011666641876 0.011530531344
264 0.000000000000 0.000000000000 0.005833320938 0.005799682995 0.011666641875 0.011530531342
266 -0.000000000000 0.000000000000 -0.005833320937 0.005799682993 0.011666641873 0.011530531341
268 -0.000000000000 0.000000000000 0.005833320936 0.005799682992 0.011666641872 0.011530531339
270 0.000000000000 0.000000000000 -0.005833320935 0.005799682990 0.011666641870 0.011530531338
272 -0.000000000000 0.000000000000 0.005833320935 0.005799682989 0.011666641868 0.011530531336
274 -0.000000000000 0.000000000000 -0.005833320934 0.005799682987 0.011666641867 0.011530531334
276 -0.000000000000 0.000000000000 0.005833320933 0.005799682986 0.011666641865 0.011530531333
278 0.000000000000 0.000000000000 -0.005833320932 0.005799682984 0.011666641864 0.011530531331
280 -0.000000000000 0.000000000000 0.005833320932 0.005799682982 0.011666641862 0.011530531330
282 0.000000000000 0.000000000000 -0.005833320931 0.005799682981 0.011666641861 0.011530531328
284 0.000000000000 0.000000000000 0.005833320930 0.005799682979 0.011666641859 0.011530531327
286 -0.000000000000 0.000000000000 -0.005833320929 0.005799682978 0.011666641858 0.011530531325
288 0.000000000000 0.000000000000 0.005833320928 0.005799682976 0.011666641856 0.011530531324
290 0.000000000000 0.000000000000 -0.005833320928 0.005799682975 0.011666641855 0.011530531322
292 -0.000000000000 0.000000000000 0.005833320927 0.005799682973 0.011666641853 0.011530531321
294 -0.000000000000 0.000000000000 -0.005833320926 0.005799682972 0.011666641851 0.011530531319
296 0.000000000000 0.000000000000 0.005833320925 0.005799682970 0.011666641850 0.011530531318
298 0.000000000000 0.000000000000 -0.005833320925 0.005799682969 0.011666641848 0.011530531316
300 0.000000000000 0.000000000000 0.005833320924 0.005799682967 0.011666641847 0.011530531315
302 -0.000000000000 0.000000000000 -0.005833320923 0.005799682965 0.011666641845 0.011530531313
304 -0.000000000000 0.000000000000 0.005833320922 0.005799682964 0.011666641844 0.011530531312
306 0.000000000000 0.000000000000 -0.005833320921 0.005799682962 0.011666641842 0.011530531310
308 -0.000000000000 0.000000000000 0.005833320921 0.005799682961 0.011666641841 0.011530531309
310 -0.000000000000 0.000000000000 -0.005833320920 0.005799682959 0.011666641839 0.011530531307
312 -0.000000000000 0.000000000000 0.005833320919 0.005799682958 0.011666641837 0.011530531306
314 0.000000000000 0.000000000000 -0.005833320918 0.005799682956 0.011666641836 0.011530531304
316 0.000000000000 0.000000000000 0.005833320918 0.005799682955 0.011666641834 0.011530531303
318 -0.000000000000 -0.000000000000 -0.005833320917 0.005799682953 0.011666641833 0.011530531301
320 -0.000000000000 0.000000000000 0.005833320916 0.005799682952 0.011666641831 0.011530531300
322 0.000000000000 0.000000000000 -0.005833320915 0.005799682950 0.011666641830 0.011530531298
324 -0.000000000000 -0.000000000000 0.005833320914 0.005799682948 0.011666641828 0.011530531297
326 -0.000000000000 0.000000000000 -0.005833320914 0.005799682947 0.011666641827 0.011530531295
328 0.000000000000 0.000000000000 0.005833320913 0.005799682945 0.011666641825 0.011530531294
330 -0.000000000000 0.000000000000 -0.005833320912 0.005799682944 0.011666641824 0.011530531292
332 0.000000000000 0.000000000000 0.005833320911 0.005799682942 0.011666641822 0.011530531291
334 -0.000000000000 0.000000000000 -0.005833320911 0.005799682941 0.011666641820 0.011530531289
336 0.000000000000 0.000000000000 0.005833320910 0.005799682939 0.011666641819 0.011530531288
338 0.000000000000 -0.000000000000 -0.005833320909 0.005799682938 0.011666641817 0.011530531286
340 -0.000000000000 0.000000000000 0.005833320908 0.005799682936 0.011666641816 0.011530531285
342 0.000000000000 0.000000000000 -0.005833320907 0.005799682935 0.011666641814 0.011530531283
344 -0.000000000000 0.000000000000 0.005833320907 0.005799682933 0.011666641813 0.011530531281
346 0.000000000000 0.000000000000 -0.005833320906 0.005799682931 0.011666641811 0.011530531280
348 -0.000000000000 0.000000000000 0.005833320905 0.005799682930 0.011666641810 0.011530531278
350 -0.000000000000 0.000000000000 -0.005833320904 0.005799682928 0.011666641808 0.011530531277
352 -0.000000000000 0.000000000000 0.005833320904 0.005799682927 0.011666641806 0.011530531275
354 0.000000000000 0.000000000000 -0.005833320903 0.005799682925 0.011666641805 0.011530531274
356 -0.000000000000 0.000000000000 0.005833320902 0.005799682924 0.011666641803 0.011530531272
358 -0.000000000000 0.000000000000 -0.005833320901 0.005799682922 0.011666641802 0.011530531271
360 0.000000000000 0.000000000000 0.005833320901 0.005799682921 0.011666641800 0.011530531269
362 -0.000000000000 0.000000000000 -0.005833320900 0.005799682919 0.011666641799 0.011530531268
364 -0.000000000000 0.000000000000 0.005833320899 0.005799682918 0.011666641797 0.011530531266
366 0.000000000000 0.000000000000 -0.005833320898 0.005799682916 0.011666641796 0.011530531265
368 -0.000000000000 0.000000000000 0.005833320897 0.005799682914 0.011666641794 0.011530531263
370 0.000000000000 0.000000000000 -0.005833320897 0.005799682913 0.011666641793 0.011530531262
372 -0.000000000000 0.000000000000 0.005833320896 0.005799682911 0.011666641791 0.011530531260
374 0.000000000000 0.000000000000 -0.005833320895 0.005799682910 0.011666641789 0.011530531259
376 0.000000000000 0.000000000000 0.005833320894 0.005799682908 0.011666641788 0.011530531257
378 -0.000000000000 0.000000000000 -0.005833320894 0.005799682907 0.011666641786 0.011530531256
380 0.000000000000 0.000000000000 0.005833320893 0.005799682905 0.011666641785 0.011530531254
382 0.000000000000 0.000000000000 -0.005833320892 0.005799682904 0.011666641783 0.011530531253
384 -0.000000000000 0.000000000000 0.005833320891 0.005799682902 0.011666641782 0.011530531251
386 0.000000000000 0.000000000000 -0.005833320890 0.005799682901 0.011666641780 0.011530531250
388 0.000000000000 0.000000000000 0.005833320890 0.005799682899 0.011666641779 0.011530531248
390 0.000000000000 0.000000000000 -0.005833320889 0.005799682897 0.011666641777 0.011530531247
392 -0.000000000000 0.000000000000 0.005833320888 0.005799682896 0.011666641775 0.011530531245
394 -0.000000000000 0.000000000000 -0.005833320887 0.005799682894 0.011666641774 0.011530531244
396 0.000000000000 0.000000000000 0.005833320887 0.005799682893 0.011666641772 0.011530531242
398 -0.000000000000 0.000000000000 -0.005833320886 0.005799682891 0.011666641771 0.011530531241
400 -0.000000000000 0.000000000000 0.005833320885 0.005799682890 0.011666641769 0.011530531239
402 -0.000000000000 0.000000000000 -0.005833320884 0.005799682888 0.011666641768 0.011530531238
404 -0.000000000000 0.000000000000 0.005833320883 0.005799682887 0.011666641766 0.011530531236
406 0.000000000000 0.000000000000 -0.005833320883 0.005799682885 0.011666641765 0.011530531235
408 0.000000000000 0.000000000000 0.005833320882 0.005799682884 0.011666641763 0.011530531233
410 -0.000000000000 0.000000000000 -0.005833320881 0.005799682882 0.011666641761 0.011530531231
412 0.000000000000 0.000000000000 0.005833320880 0.005799682880 0.011666641760 0.011530531230
414 0.000000000000 0.000000000000 -0.005833320880 0.005799682879 0.011666641758 0.011530531228
416 -0.000000000000 0.000000000000 0.005833320879 0.005799682877 0.011666641757 0.011530531227
418 0.000000000000 0.000000000000 -0.005833320878 0.005799682876 0.011666641755 0.011530531225
420 0.000000000000 0.000000000000 0.005833320877 0.005799682874 0.011666641754 0.011530531224
422 0.000000000000 0.000000000000 -0.005833320876 0.005799682873 0.011666641752 0.011530531222
424 -0.000000000000 0.000000000000 0.005833320876 0.005799682871 0.011666641751 0.011530531221
426 0.000000000000 0.000000000000 -0.005833320875 0.005799682870 0.011666641749 0.011530531219
428 -0.000000000000 0.000000000000 0.005833320874 0.005799682868 0.011666641748 0.011530531218
430 0.000000000000 0.000000000000 -0.005833320873 0.005799682867 0.011666641746 0.011530531216
432 -0.000000000000 0.000000000000 0.005833320873 0.005799682865 0.011666641744 0.011530531215
434 0.000000000000 0.000000000000 -0.005833320872 0.005799682863 0.011666641743 0.011530531213
436 -0.000000000000 0.000000000000 0.005833320871 0.005799682862 0.011666641741 0.011530531212
438 0.000000000000 0.000000000000 -0.005833320870 0.005799682860 0.011666641740 0.011530531210
440 0.000000000000 0.000000000000 0.005833320869 0.005799682859 0.011666641738 0.011530531209
442 -0.000000000000 0.000000000000 -0.005833320869 0.005799682857 0.011666641737 0.011530531207
444 0.000000000000 0.000000000000 0.005833320868 0.005799682856 0.011666641735 0.011530531206
446 -0.000000000000 0.000000000000 -0.005833320867 0.005799682854 0.011666641734 0.011530531204
448 0.000000000000 0.000000000000 0.005833320866 0.005799682853 0.011666641732 0.011530531203
450 0.000000000000 0.000000000000 -0.005833320866 0.005799682851 0.011666641730 0.011530531201
452 0.000000000000 0.000000000000 0.005833320865 0.005799682850 0.011666641729 0.011530531200
454 -0.000000000000 0.000000000000 -0.005833320864 0.005799682848 0.011666641727 0.011530531198
456 0.000000000000 0.000000000000 0.005833320863 0.005799682846 0.011666641726 0.011530531197
458 -0.000000000000 0.000000000000 -0.005833320863 0.005799682845 0.011666641724 0.011530531195
460 0.000000000000 0.000000000000 0.005833320862 0.005799682843 0.011666641723 0.011530531194
462 -0.000000000000 -0.000000000000 -0.005833320861 0.005799682842 0.011666641721 0.011530531192
464 0.000000000000 0.000000000000 0.005833320860 0.005799682840 0.011666641720 0.011530531191
466 -0.000000000000 0.000000000000 -0.005833320859 0.005799682839 0.011666641718 0.011530531189
468 -0.000000000000 0.000000000000 0.005833320859 0.005799682837 0.011666641716 0.011530531188
470 0.000000000000 0.000000000000 -0.005833320858 0.005799682836 0.011666641715 0.011530531186
472 -0.000000000000 0.000000000000 0.005833320857 0.005799682834 0.011666641713 0.011530531185
474 0.000000000000 0.000000000000 -0.005833320856 0.005799682833 0.011666641712 0.011530531183
476 -0.000000000000 0.000000000000 0.005833320856 0.005799682831 0.011666641710 0.011530531181
478 0.000000000000 0.000000000000 -0.005833320855 0.005799682829 0.011666641709 0.011530531180
480 0.000000000000 0.000000000000 0.005833320854 0.005799682828 0.011666641707 0.011530531178
482 -0.000000000000 0.000000000000 -0.005833320853 0.005799682826 0.011666641706 0.011530531177
484 0.000000000000 0.000000000000 0.005833320852 0.005799682825 0.011666641704 0.011530531175
486 -0.000000000000 -0.000000000000 -0.005833320852 0.005799682823 0.011666641703 0.011530531174
488 -0.000000000000 0.000000000000 0.005833320851 0.005799682822 0.011666641701 0.011530531172
490 0.000000000000 0.000000000000 -0.005833320850 0.005799682820 0.011666641699 0.011530531171
492 -0.000000000000 0.000000000000 0.005833320849 0.005799682819 0.011666641698 0.011530531169
494 -0.000000000000 0.000000000000 -0.005833320849 0.005799682817 0.011666641696 0.011530531168
496 0.000000000000 0.000000000000 0.005833320848 0.005799682816 0.011666641695 0.011530531166
498 -0.000000000000 0.000000000000 -0.005833320847 0.005799682814 0.011666641693 0.011530531165
500 0.000000000000 0.000000000000 0.005833320846 0.005799682812 0.011666641692 0.011530531163
502 -0.000000000000 0.000000000000 -0.005833320845 0.005799682811 0.011666641690 0.011530531162
504 0.000000000000 0.000000000000 0.005833320845 0.005799682809 0.011666641689 0.011530531160
506 -0.000000000000 0.000000000000 -0.005833320844 0.005799682808 0.011666641687 0.011530531159
508 -0.000000000000 0.000000000000 0.005833320843 0.005799682806 0.011666641685 0.011530531157
510 0.000000000000 0.000000000000 -0.005833320842 0.005799682805 0.011666641684 0.011530531156
512 0.000000000000 0.000000000000 0.005833320842 0.005799682803 0.011666641682 0.011530531154
514 0.000000000000 0.000000000000 -0.005833320841 0.005799682802 0.011666641681 0.011530531153
516 -0.000000000000 0.000000000000 0.005833320840 0.005799682800 0.011666641679 0.011530531151
518 0.000000000000 0.000000000000 -0.005833320839 0.005799682799 0.011666641678 0.011530531150
520 -0.000000000000 0.000000000000 0.005833320838 0.005799682797 0.011666641676 0.011530531148
522 0.000000000000 0.000000000000 -0.005833320838 0.005799682795 0.011666641675 0.011530531147
524 -0.000000000000 0.000000000000 0.005833320837 0.005799682794 0.011666641673 0.011530531145
526 0.000000000000 0.000000000000 -0.005833320836 0.005799682792 0.011666641672 0.011530531144
528 0.000000000000 0.000000000000 0.005833320835 0.005799682791 0.011666641670 0.011530531142
530 -0.000000000000 0.000000000000 -0.005833320835 0.005799682789 0.011666641668 0.011530531141
532 0.000000000000 0.000000000000 0.005833320834 0.005799682788 0.011666641667 0.011530531139
534 0.000000000000 0.000000000000 -0.005833320833 0.005799682786 0.011666641665 0.011530531138
536 0.000000000000 0.000000000000 0.005833320832 0.005799682785 0.011666641664 0.011530531136
538 -0.000000000000 0.000000000000 -0.005833320831 0.005799682783 0.011666641662 0.011530531135
540 0.000000000000 0.000000000000 0.005833320831 0.005799682782 0.011666641661 0.011530531133
542 -0.000000000000 0.000000000000 -0.005833320830 0.005799682780 0.011666641659 0.011530531132
544 -0.000000000000 0.000000000000 0.005833320829 0.005799682778 0.011666641658 0.011530531130
546 -0.000000000000 0.000000000000 -0.005833320828 0.005799682777 0.011666641656 0.011530531128
548 0.000000000000 0.000000000000 0.005833320828 0.005799682775 0.011666641654 0.011530531127
550 0.000000000000 0.000000000000 -0.005833320827 0.005799682774 0.011666641653 0.011530531125
552 0.000000000000 0.000000000000 0.005833320826 0.005799682772 0.011666641651 0.011530531124
554 -0.000000000000 0.000000000000 -0.005833320825 0.005799682771 0.011666641650 0.011530531122
556 -0.000000000000 0.000000000000 0.005833320825 0.005799682769 0.011666641648 0.011530531121
558 -0.000000000000 0.000000000000 -0.005833320824 0.005799682768 0.011666641647 0.011530531119
560 -0.000000000000 0.000000000000 0.005833320823 0.005799682766 0.011666641645 0.011530531118
562 0.000000000000 0.000000000000 -0.005833320822 0.005799682765 0.011666641644 0.011530531116
564 -0.000000000000 0.000000000000 0.005833320821 0.005799682763 0.011666641642 0.011530531115
566 -0.000000000000 0.000000000000 -0.005833320821 0.005799682761 0.011666641641 0.011530531113
568 -0.000000000000 0.000000000000 0.005833320820 0.005799682760 0.011666641639 0.011530531112
570 -0.000000000000 0.000000000000 -0.005833320819 0.005799682758 0.011666641637 0.011530531110
572 0.000000000000 0.000000000000 0.005833320818 0.005799682757 0.011666641636 0.011530531109
574 -0.000000000000 0.000000000000 -0.005833320818 0.005799682755 0.011666641634 0.011530531107
576 -0.000000000000 0.000000000000 0.005833320817 0.005799682754 0.011666641633 0.011530531106
578 0.000000000000 0.000000000000 -0.005833320816 0.005799682752 0.011666641631 0.011530531104
580 -0.000000000000 0.000000000000 0.005833320815 0.005799682751 0.011666641630 0.011530531103
582 0.000000000000 0.000000000000 -0.005833320814 0.005799682749 0.011666641628 0.011530531101
584 0.000000000000 0.000000000000 0.005833320814 0.005799682748 0.011666641627 0.011530531100
586 -0.000000000000 0.000000000000 -0.005833320813 0.005799682746 0.011666641625 0.011530531098
588 -0.000000000000 0.000000000000 0.005833320812 0.005799682744 0.011666641623 0.011530531096
590 0.000000000000 0.000000000000 -0.005833320811 0.005799682743 0.011666641638 0.011530531111
592 0.000000000000 0.000000000000 0.005833320827 0.005799682758 0.011666640814 0.011530530306
594 -0.000000000000 0.000000000000 -0.005833319986 0.005799681931 0.011666681691 0.011530570229
596 0.000000000000 0.000000000000 0.005833361704 0.005799722919 0.011664680779 0.011528616002
598 -0.000000000000 0.000000000000 -0.005831319075 0.005797715752 0.011767522730 0.011629048139
600 0.000000000000 0.000000000000 0.005936203655 0.005900965141 0.005936203655 0.005900965141
