==> log <==
2 -0.000000000000 0.000000000000 -0.000000000000 0.000000000000 0.522261319495 0.249504433654
4 0.000000000000 0.000000000000 0.522261319495 0.249504433654 0.499634000795 0.249999866045
6 0.000000000000 0.000000000000 0.022627318700 0.139254048277 0.523179046689 0.249462731795
8 0.000000000000 0.000000000000 0.545806365389 0.258027464772 0.499559608018 0.249999806055
10 -1.000000000000 0.000000000000 0.046246757371 0.186554155328 0.524278773022 0.249410541181
12 1.000000000000 0.000000000000 -0.429474469606 0.265898649094 0.500404521108 0.249999836363
14 -1.000000000000 0.000000000000 0.070121009285 0.213290881312 0.524249754953 0.249411949385
16 1.000000000000 0.000000000000 -0.405629235762 0.271925119355 0.500880552781 0.249999224627
18 -1.000000000000 0.000000000000 0.093490211457 0.231335042942 0.524091318633 0.249419608367
20 1.000000000000 0.000000000000 -0.382418469910 0.276410261268 0.501189078891 0.249998586091
22 -1.000000000000 0.000000000000 0.116392451198 0.244680648261 0.523876471758 0.249429914096
24 1.000000000000 0.000000000000 -0.359731077044 0.279704446897 0.501369850100 0.249998123511
26 -1.000000000000 0.000000000000 0.138899072856 0.255121430287 0.523621492957 0.249442025070
28 1.000000000000 0.000000000000 -0.337479434188 0.282079744095 0.501433957861 0.249997943765
30 -1.000000000000 0.000000000000 0.161086607952 0.263607877257 0.523328865563 0.249455764032
32 1.000000000000 0.000000000000 -0.315584526485 0.283739670969 0.501383448621 0.249998086070
34 -1.000000000000 0.000000000000 0.183032024894 0.270699759501 0.522996435902 0.249471163936
36 1.000000000000 0.000000000000 -0.293971539205 0.284838541937 0.501216882756 0.249998519196
38 -1.000000000000 0.000000000000 0.204811578040 0.276751195284 0.522620401182 0.249488317450
40 1.000000000000 0.000000000000 -0.272568020779 0.285496209040 0.500931339068 0.249999132608
42 -1.000000000000 0.000000000000 0.226500640153 0.281997431670 0.522196501352 0.249507315328
44 1.000000000000 0.000000000000 -0.251302858495 0.285808347375 0.500523307290 0.249999726149
46 -1.000000000000 0.000000000000 0.248173834215 0.286599763132 0.521720365408 0.249528225727
48 1.000000000000 0.000000000000 -0.230105800377 0.285853709480 0.499989126662 0.249999999882
50 -1.000000000000 0.000000000000 0.269905072961 0.290670929518 0.521188106530 0.249551064142
52 1.000000000000 0.000000000000 -0.208906820509 0.285698760883 0.499325395686 0.249999544909
54 -1.000000000000 0.000000000000 0.291767783805 0.294289771217 0.520596400594 0.249575788283
56 1.000000000000 0.000000000000 -0.187635815600 0.285401458262 0.498528961462 0.249997836046
58 -1.000000000000 0.000000000000 0.313835222937 0.297510074130 0.519942396735 0.249602300812
60 1.000000000000 0.000000000000 -0.166222380328 0.285013736393 0.497597668863 0.249994228805
62 -1.000000000000 0.000000000000 0.336179950809 0.300368099536 0.519225106907 0.249630395264
64 1.000000000000 0.000000000000 -0.144594942284 0.284583483628 0.496530364965 0.249987961633
66 -1.000000000000 0.000000000000 0.358874692751 0.302885073081 0.518444537615 0.249659799032
68 1.000000000000 0.000000000000 -0.122680769634 0.284155612021 0.495327268260 0.249978165578
70 -1.000000000000 0.000000000000 0.381991962106 0.305069704783 0.517602750816 0.249690143164
72 1.000000000000 0.000000000000 -0.100405287079 0.283773063100 0.493990468458 0.249963885531
74 -1.000000000000 0.000000000000 0.405604244464 0.306921103018 0.516704434081 0.249720961882
76 1.000000000000 0.000000000000 -0.077691321456 0.283477471606 0.492525177334 0.249944127026
78 -1.000000000000 0.000000000000 0.429783501210 0.308430751830 0.515757182061 0.249751711214
80 1.000000000000 0.000000000000 -0.054459316729 0.283309776799 0.490939118266 0.249917900422
82 -1.000000000000 0.000000000000 0.454601565005 0.309582585197 0.514772384456 0.249781776657
84 1.000000000000 0.000000000000 -0.030626050540 0.283309619068 0.489244353194 0.249884316062
86 -1.000000000000 0.000000000000 0.480129596266 0.310355576841 0.513765836327 0.249810501750
88 1.000000000000 0.000000000000 -0.006104567407 0.283515717817 0.487457527578 0.249842686386
90 -1.000000000000 0.000000000000 0.506437905015 0.310725304926 0.512758714364 0.249837215208
92 1.000000000000 0.000000000000 0.019196619380 0.283964591902 0.485600831341 0.249792663942
94 -1.000000000000 0.000000000000 0.533595788039 0.310665620382 0.511778388748 0.249861269559
96 1.000000000000 0.000000000000 0.045374176787 0.284688912333 0.483702687645 0.249734397610
98 -1.000000000000 0.000000000000 0.561671489142 0.310150430508 0.510859197601 0.249882077827
100 1.000000000000 0.000000000000 0.072530686743 0.285715176710 0.481798798264 0.249668716255
102 -1.000000000000 0.000000000000 0.590731888479 0.309157292995 0.510043081719 0.249899136510
104 1.000000000000 0.000000000000 0.100774970198 0.287061393358 0.479932447976 0.249597293356
106 -1.000000000000 0.000000000000 0.620842522222 0.307670844438 0.509380032086 0.249912014998
108 1.000000000000 0.000000000000 0.130222554308 0.288733371639 0.478154760398 0.249522785507
110 -1.000000000000 0.000000000000 0.652067793910 0.305687136033 0.508928033686 0.249920290215
112 1.000000000000 0.000000000000 0.160995827596 0.290720147806 0.476524253188 0.249448889312
114 -1.000000000000 0.000000000000 0.684471574408 0.303218571957 0.508752349947 0.249923396370
116 1.000000000000 0.000000000000 0.193223924355 0.292988766483 0.475105683851 0.249380273023
118 -1.000000000000 -0.000000000000 0.718118240503 0.300299536455 0.508923809252 0.249920365628
120 1.000000000000 0.000000000000 0.227042049755 0.295478389210 0.473967676679 0.249322318143
122 -1.000000000000 0.000000000000 0.753074373076 0.296992303760 0.509515831049 0.249909448959
124 1.000000000000 0.000000000000 0.262590204125 0.298094119604 0.473178880433 0.249280627545
126 -1.000000000000 0.000000000000 0.789411323692 0.293392755652 0.510599712094 0.249887646104
128 1.000000000000 0.000000000000 0.300011035785 0.300701245802 0.472802202095 0.249260279789
130 -1.000000000000 0.000000000000 0.827208833690 0.289635129551 0.512237956972 0.249850232409
132 1.000000000000 0.000000000000 0.339446790662 0.303120590549 0.472886896409 0.249264879614
134 -1.000000000000 0.000000000000 0.866559894253 0.285894512661 0.514475100276 0.249790471472
136 1.000000000000 0.000000000000 0.381034994530 0.305126930215 0.473458061982 0.249295525526
138 -1.000000000000 0.000000000000 0.907576932548 0.282385583666 0.517326254202 0.249699800915
140 1.000000000000 0.000000000000 0.424903186750 0.306451455591 0.474503901049 0.249349948938
142 -1.000000000000 0.000000000000 0.950399285701 0.279355336102 0.520763179739 0.249568890367
144 1.000000000000 0.000000000000 0.471162465440 0.306791638253 0.475960851947 0.249422119361
146 -1.000000000000 0.000000000000 0.995201613493 0.277067460851 0.524699066628 0.249389956108
148 1.000000000000 0.000000000000 0.519900680121 0.305830078507 0.477698037170 0.249502622454
150 -1.000000000000 0.000000000000 1.042202642951 0.275775488012 0.528973248156 0.249160550891
152 1.000000000000 0.000000000000 0.571175891107 0.303265528387 0.479502918858 0.249579869665
154 -1.000000000000 0.000000000000 1.091672972249 0.275682205928 0.533338706482 0.248888530650
156 1.000000000000 0.000000000000 0.625011678731 0.298857100632 0.481071603108 0.249641715791
158 -1.000000000000 0.000000000000 1.143940075623 0.276883711794 0.537456260727 0.248597028532
160 1.000000000000 0.000000000000 0.681396336350 0.292481473699 0.482008321647 0.249676299510
162 -1.000000000000 0.000000000000 1.199388014703 0.279298153623 0.540900668061 0.248327135352
164 1.000000000000 0.000000000000 0.740288682764 0.284199010670 0.481840079740 0.249670217296
166 -1.000000000000 0.000000000000 1.258448603023 0.282583062463 0.543185001513 0.248135055644
168 1.000000000000 0.000000000000 0.801633604536 0.274319599233 0.480052901162 0.249602113248
170 -1.000000000000 0.000000000000 1.321580703374 0.286049669802 0.543809641396 0.248080715321
172 1.000000000000 0.000000000000 0.865390344770 0.263452501961 0.476155457707 0.249431437803
174 -1.000000000000 0.000000000000 1.389234887063 0.288588976347 0.542340478879 0.248207283848
176 1.000000000000 0.000000000000 0.931575365942 0.252516730894 0.469772858795 0.249086319935
178 -1.000000000000 0.000000000000 1.461802507147 0.288628391868 0.538516178676 0.248516503980
180 1.000000000000 0.000000000000 1.000318685823 0.242682790445 0.460766533220 0.248460735084
182 -1.000000000000 0.000000000000 1.539552152603 0.284132953717 0.532375860161 0.248951803679
184 1.000000000000 0.000000000000 1.071928012764 0.235214449151 0.449366022902 0.247436200363
186 -1.000000000000 0.000000000000 1.622561989863 0.272631240001 0.524385696680 0.249405337797
188 1.000000000000 0.000000000000 1.146947686543 0.231186134066 0.436284534423 0.245940339446
190 -1.000000000000 0.000000000000 1.710663152119 0.251119408512 0.515528194630 0.249758875172
192 1.000000000000 0.000000000000 1.226191346749 0.231078061728 0.422776847829 0.244036584769
194 -1.000000000000 0.000000000000 1.803414498920 0.215200865702 0.507304622122 0.249946642496
196 1.000000000000 0.000000000000 1.310719121042 0.234366932056 0.410586230130 0.242005177758
198 -1.000000000000 0.000000000000 1.900132890912 0.154002643651 0.501593360111 0.249997461204
200 1.000000000000 0.000000000000 1.401726251023 0.240342270262 0.401726251023 0.240342270262
