2 -0.000000000000 0.000000000000 -0.000000000000 0.000000000000 0.493427836975 0.249956806673
4 -0.000000000000 0.000000000000 0.493427836975 0.249956806673 0.499518072514 0.249999767746
6 -0.000000000000 0.000000000000 -0.006090235538 0.138468141244 0.494061563578 0.249964734973
8 0.000000000000 0.000000000000 0.487971328040 0.259475889898 0.499195148170 0.249999352214
10 -0.000000000000 0.000000000000 -0.011223820130 0.184685940959 0.494615581673 0.249971008039
12 -0.000000000000 0.000000000000 0.483391761542 0.268694528607 0.498895677788 0.249998780472
14 -0.000000000000 0.000000000000 -0.015503916246 0.210135601046 0.495138427773 0.249976365115
16 0.000000000000 0.000000000000 0.479634511527 0.276185344040 0.498609564214 0.249998066688
18 -0.000000000000 0.000000000000 -0.018975052687 0.226792487034 0.495646324944 0.249981045514
20 0.000000000000 0.000000000000 0.476671272257 0.282216376666 0.498335904566 0.249997230786
22 0.000000000000 0.000000000000 -0.021664632309 0.238677043351 0.496148693217 0.249985167436
24 0.000000000000 0.000000000000 0.474484060908 0.287116439482 0.498075487550 0.249996296252
26 0.000000000000 0.000000000000 -0.023591426641 0.247598459945 0.496652302204 0.249988792919
28 0.000000000000 0.000000000000 0.473060875563 0.291141390789 0.497829423101 0.249995288596
30 0.000000000000 0.000000000000 -0.024768547538 0.254519374468 0.497162566571 0.249991948972
32 -0.000000000000 0.000000000000 0.472394019033 0.294480572768 0.497598871778 0.249994234583
34 -0.000000000000 0.000000000000 -0.025204852746 0.260011195661 0.497684183403 0.249994636993
36 0.000000000000 0.000000000000 0.472479330657 0.297274563738 0.497384979869 0.249993161670
38 -0.000000000000 0.000000000000 -0.024905649212 0.264440209570 0.498221417599 0.249996836645
40 0.000000000000 0.000000000000 0.473315768387 0.299629121454 0.497188877955 0.249992097593
42 0.000000000000 0.000000000000 -0.023873109568 0.268055173044 0.498778285070 0.249998507413
44 -0.000000000000 0.000000000000 0.474905175502 0.301624827780 0.497011670718 0.249991069888
46 0.000000000000 0.000000000000 -0.022106495216 0.271032614543 0.499358628921 0.249999588643
48 -0.000000000000 0.000000000000 0.477252133706 0.303323695321 0.496854444963 0.249990105484
50 0.000000000000 0.000000000000 -0.019602311257 0.273502496794 0.499966195255 0.249999998857
52 -0.000000000000 0.000000000000 0.480363883998 0.304773636242 0.496718271922 0.249989230261
54 -0.000000000000 0.000000000000 -0.016354387924 0.275563381175 0.500604661205 0.249999634385
56 -0.000000000000 0.000000000000 0.484250273281 0.306011636970 0.496604197298 0.249988468524
58 -0.000000000000 0.000000000000 -0.012353924017 0.277292028557 0.501277632755 0.249998367655
60 0.000000000000 0.000000000000 0.488923708738 0.307065950898 0.496513201979 0.249987842240
62 -0.000000000000 0.000000000000 -0.007589493241 0.278749710292 0.501988641752 0.249996045304
64 -0.000000000000 -0.000000000000 0.494399148512 0.307957710319 0.496446166909 0.249987370270
66 0.000000000000 0.000000000000 -0.002047018398 0.279986479626 0.502741095200 0.249992486397
68 0.000000000000 0.000000000000 0.500694076802 0.308702038032 0.496403803313 0.249987067369
70 0.000000000000 0.000000000000 0.004290273489 0.281044195097 0.503538223079 0.249987480977
72 0.000000000000 0.000000000000 0.507828496568 0.309308892975 0.496386579085 0.249986943189
74 0.000000000000 0.000000000000 0.011441917483 0.281958649623 0.504382991199 0.249980789388
76 -0.000000000000 -0.000000000000 0.515824908682 0.309783641962 0.496394598839 0.249987001082
78 0.000000000000 0.000000000000 0.019430309843 0.282761218437 0.505277989052 0.249972142832
80 0.000000000000 0.000000000000 0.524708298896 0.310127504380 0.496427464728 0.249987236992
82 0.000000000000 0.000000000000 0.028280834168 0.283480011274 0.506225266619 0.249961246056
84 0.000000000000 0.000000000000 0.534506100787 0.310337845035 0.496484118075 0.249987638574
86 -0.000000000000 0.000000000000 0.038021982712 0.284140766801 0.507226175499 0.249947782388
88 -0.000000000000 0.000000000000 0.545248158212 0.310408411892 0.496562577664 0.249988184128
90 -0.000000000000 0.000000000000 0.048685580548 0.284767532718 0.508281103502 0.249931423325
92 0.000000000000 0.000000000000 0.556966684050 0.310329519052 0.496659753452 0.249988842753
94 -0.000000000000 -0.000000000000 0.060306930598 0.285383157404 0.509389228113 0.249911842395
96 -0.000000000000 0.000000000000 0.569696158711 0.310088278816 0.496771021288 0.249989573696
98 -0.000000000000 -0.000000000000 0.072925137424 0.286009412050 0.510548138939 0.249888736765
100 0.000000000000 0.000000000000 0.583473276363 0.309668724150 0.496889949035 0.249990327583
102 0.000000000000 0.000000000000 0.086583327328 0.286667226109 0.511753495038 0.249861855354
104 -0.000000000000 0.000000000000 0.598336822366 0.309052054561 0.497007817324 0.249991046843
106 -0.000000000000 0.000000000000 0.101329005043 0.287376443674 0.512998506079 0.249831038840
108 0.000000000000 0.000000000000 0.614327511122 0.308217167323 0.497113118472 0.249991665915
110 0.000000000000 0.000000000000 0.117214392649 0.288155518774 0.514273457909 0.249796268399
112 0.000000000000 0.000000000000 0.631487850558 0.307141098305 0.497191030320 0.249992109689
114 0.000000000000 0.000000000000 0.134296820238 0.289020833498 0.515565174629 0.249757725339
116 0.000000000000 0.000000000000 0.649861994866 0.305799727831 0.497222800084 0.249992287161
118 -0.000000000000 0.000000000000 0.152639194783 0.289985613149 0.516856367567 0.249715862872
120 -0.000000000000 0.000000000000 0.669495562350 0.304168871414 0.497185168257 0.249992076722
122 -0.000000000000 -0.000000000000 0.172310394093 0.291058588512 0.518125080144 0.249671481470
124 0.000000000000 0.000000000000 0.690435474237 0.302225667550 0.497049747523 0.249991296010
126 0.000000000000 0.000000000000 0.193385726714 0.292242036433 0.519344125916 0.249625804793
128 0.000000000000 0.000000000000 0.712729852630 0.299950306523 0.496782482815 0.249989647583
130 0.000000000000 0.000000000000 0.215947369815 0.293529221382 0.520480646963 0.249580543100
132 0.000000000000 0.000000000000 0.736428016778 0.297328201923 0.496343278369 0.249986628387
134 0.000000000000 0.000000000000 0.240084738409 0.294901165364 0.521495845852 0.249537928611
136 -0.000000000000 0.000000000000 0.761580584260 0.294352733049 0.495685886060 0.249981388421
138 -0.000000000000 0.000000000000 0.265894698200 0.296322753929 0.522345072343 0.249500697742
140 -0.000000000000 -0.000000000000 0.788239770542 0.291028365010 0.494758116475 0.249972522657
142 -0.000000000000 -0.000000000000 0.293481654067 0.297737935890 0.522978348812 0.249471995486
144 -0.000000000000 -0.000000000000 0.816460002879 0.287374168959 0.493502639525 0.249957784307
146 0.000000000000 0.000000000000 0.322957363354 0.299064102236 0.523341569432 0.249455171136
148 0.000000000000 0.000000000000 0.846298932786 0.283427481549 0.491858537330 0.249933716586
150 0.000000000000 0.000000000000 0.354440395456 0.300185654327 0.523378551203 0.249453443344
152 -0.000000000000 0.000000000000 0.877818946659 0.279247414653 0.489763833271 0.249895220891
154 0.000000000000 0.000000000000 0.388055113388 0.300946875897 0.523034217193 0.249469424838
156 0.000000000000 0.000000000000 0.911089330581 0.274917557330 0.487159230770 0.249835114646
158 0.000000000000 0.000000000000 0.423930099811 0.301144170163 0.522259120342 0.249504531562
160 -0.000000000000 0.000000000000 0.946189220153 0.270547207564 0.483993303592 0.249743785670
162 -0.000000000000 0.000000000000 0.462195916561 0.300517907731 0.521015491185 0.249558349130
164 0.000000000000 0.000000000000 0.983211407746 0.266269882303 0.480229229362 0.249609116628
166 -0.000000000000 0.000000000000 0.502982178384 0.298743662829 0.519284903208 0.249628092508
168 0.000000000000 0.000000000000 1.022267081592 0.262237563961 0.475853148677 0.249416929571
170 0.000000000000 0.000000000000 0.546413932916 0.295421847253 0.517077445109 0.249708360869
172 0.000000000000 0.000000000000 1.063491378024 0.258608583310 0.470883845795 0.249152249564
174 0.000000000000 0.000000000000 0.592607532229 0.290063082343 0.514442050784 0.249791427169
176 0.000000000000 0.000000000000 1.107049583013 0.255526665891 0.465383210413 0.248801677879
178 -0.000000000000 -0.000000000000 0.641666372600 0.282061475755 0.511477131965 0.249868275442
180 -0.000000000000 0.000000000000 1.153143504565 0.253088074803 0.459466355097 0.248357023631
182 0.000000000000 0.000000000000 0.693677149469 0.270635874402 0.508340203045 0.249930441013
184 0.000000000000 0.000000000000 1.202017352514 0.251293387210 0.453309686547 0.247820014630
186 -0.000000000000 -0.000000000000 0.748707665967 0.254684410185 0.505254449203 0.249972390764
188 0.000000000000 0.000000000000 1.253962115170 0.249981859017 0.447154385754 0.247207341055
190 0.000000000000 0.000000000000 0.806807729416 0.232384697270 0.502509716010 0.249993701326
192 -0.000000000000 0.000000000000 1.309317445426 0.248758030197 0.441301728405 0.246554512912
194 0.000000000000 0.000000000000 0.868015717021 0.199907212735 0.500455120584 0.249999792865
196 0.000000000000 0.000000000000 1.368470837605 0.247021663966 0.436094538853 0.245916092036
198 0.000000000000 0.000000000000 0.932376298751 0.145810121632 0.499483820791 0.249999733559
200 0.000000000000 0.000000000000 1.431860119542 0.245356956691 0.431860119542 0.245356956691
