# for x = 20,40,..,200
#   for N = 20, 40, ..., 200
#      print Energy
-0.252053699331
-0.256395456739
-0.257843268611
-0.258567174808
-0.259001518499
-0.259291080984
-0.259497911329
-0.259653034088
-0.259773685123
-0.259870205951
-0.278039794189
-0.282465562669
-0.283950708873
-0.284693393619
-0.285139005809
-0.285436080613
-0.285648276907
-0.285807424116
-0.285931205289
-0.286030230097
-0.287766340310
-0.292173519472
-0.293666172345
-0.294413330931
-0.294861663997
-0.295160549566
-0.295374042883
-0.295534134051
-0.295658671574
-0.295758299012
-0.292885657791
-0.297263861902
-0.298757053753
-0.299505856816
-0.299955288551
-0.300254921360
-0.300468945478
-0.300629466222
-0.300754309268
-0.300854178605
-0.296051145308
-0.300405154832
-0.301896212778
-0.302645537024
-0.303095509755
-0.303395530770
-0.303609833268
-0.303770556740
-0.303895564750
-0.303995562377
-0.298203900978
-0.302539894335
-0.304027837863
-0.304777093253
-0.305227297178
-0.305527560949
-0.305742008188
-0.305902867106
-0.306027940506
-0.306128035208
-0.299763462451
-0.304086460070
-0.305571103385
-0.306319907520
-0.306770231828
-0.307070581373
-0.307285135547
-0.307446069059
-0.307571211993
-0.307671358334
-0.300945518537
-0.305259195231
-0.306740717183
-0.307488862706
-0.307939151504
-0.308239589522
-0.308454234702
-0.308615182839
-0.308740438575
-0.308840614351
-0.301872413841
-0.306179401476
-0.307658093718
-0.308405540765
-0.308855656588
-0.309156064685
-0.309370795239
-0.309531857121
-0.309657060513
-0.309757258361
-0.302618763567
-0.306920905260
-0.308397138719
-0.309143773709
-0.309593696077
-0.309894204243
-0.310108843144
-0.310269913976
-0.310395195239
-0.310495402796
